version https://git-lfs.github.com/spec/v1
oid sha256:4ab9f57f95b074163e984c8ac3ffd20fb2ead80d05f3595de759e21d7483e8eb
size 9624997
